combination: 1
1.1,3.3,4.4
Permutation:
1.1,3.3,4.4
3.3,4.4,1.1
4.4,1.1,3.3
combination: 2
2.2,3.3,4.4
Permutation:
2.2,3.3,4.4
3.3,4.4,2.2
4.4,2.2,3.3
combination: 3
10.10,3.3,4.4
Permutation:
10.10,3.3,4.4
3.3,4.4,10.10
4.4,10.10,3.3
combination: 4
3.3,4.4,6.6
Permutation:
3.3,4.4,6.6
4.4,6.6,3.3
6.6,3.3,4.4
combination: 5
3.3,4.4,5.5
Permutation:
3.3,4.4,5.5
4.4,5.5,3.3
5.5,3.3,4.4
combination: 6
3.3,4.4,8.8
Permutation:
3.3,4.4,8.8
4.4,8.8,3.3
8.8,3.3,4.4
combination: 7
3.3,4.4,7.7
Permutation:
3.3,4.4,7.7
4.4,7.7,3.3
7.7,3.3,4.4
combination: 8
3.3,4.4,9.9
Permutation:
3.3,4.4,9.9
4.4,9.9,3.3
9.9,3.3,4.4
combination: 9
11.11,3.3,4.4
Permutation:
11.11,3.3,4.4
3.3,4.4,11.11
4.4,11.11,3.3
combination: 10
1.1,2.2,4.4
Permutation:
1.1,2.2,4.4
2.2,4.4,1.1
4.4,1.1,2.2
combination: 11
1.1,10.10,4.4
Permutation:
1.1,10.10,4.4
10.10,4.4,1.1
4.4,1.1,10.10
combination: 12
1.1,4.4,6.6
Permutation:
1.1,4.4,6.6
4.4,6.6,1.1
6.6,1.1,4.4
combination: 13
1.1,4.4,5.5
Permutation:
1.1,4.4,5.5
4.4,5.5,1.1
5.5,1.1,4.4
combination: 14
1.1,4.4,8.8
Permutation:
1.1,4.4,8.8
4.4,8.8,1.1
8.8,1.1,4.4
combination: 15
1.1,4.4,7.7
Permutation:
1.1,4.4,7.7
4.4,7.7,1.1
7.7,1.1,4.4
combination: 16
1.1,4.4,9.9
Permutation:
1.1,4.4,9.9
4.4,9.9,1.1
9.9,1.1,4.4
combination: 17
1.1,11.11,4.4
Permutation:
1.1,11.11,4.4
11.11,4.4,1.1
4.4,1.1,11.11
combination: 18
10.10,2.2,4.4
Permutation:
10.10,2.2,4.4
2.2,4.4,10.10
4.4,10.10,2.2
combination: 19
2.2,4.4,6.6
Permutation:
2.2,4.4,6.6
4.4,6.6,2.2
6.6,2.2,4.4
combination: 20
2.2,4.4,5.5
Permutation:
2.2,4.4,5.5
4.4,5.5,2.2
5.5,2.2,4.4
combination: 21
2.2,4.4,8.8
Permutation:
2.2,4.4,8.8
4.4,8.8,2.2
8.8,2.2,4.4
combination: 22
2.2,4.4,7.7
Permutation:
2.2,4.4,7.7
4.4,7.7,2.2
7.7,2.2,4.4
combination: 23
2.2,4.4,9.9
Permutation:
2.2,4.4,9.9
4.4,9.9,2.2
9.9,2.2,4.4
combination: 24
11.11,2.2,4.4
Permutation:
11.11,2.2,4.4
2.2,4.4,11.11
4.4,11.11,2.2
combination: 25
10.10,4.4,6.6
Permutation:
10.10,4.4,6.6
4.4,6.6,10.10
6.6,10.10,4.4
combination: 26
10.10,4.4,5.5
Permutation:
10.10,4.4,5.5
4.4,5.5,10.10
5.5,10.10,4.4
combination: 27
10.10,4.4,8.8
Permutation:
10.10,4.4,8.8
4.4,8.8,10.10
8.8,10.10,4.4
combination: 28
10.10,4.4,7.7
Permutation:
10.10,4.4,7.7
4.4,7.7,10.10
7.7,10.10,4.4
combination: 29
10.10,4.4,9.9
Permutation:
10.10,4.4,9.9
4.4,9.9,10.10
9.9,10.10,4.4
combination: 30
10.10,11.11,4.4
Permutation:
10.10,11.11,4.4
11.11,4.4,10.10
4.4,10.10,11.11
combination: 31
4.4,5.5,6.6
Permutation:
4.4,5.5,6.6
5.5,6.6,4.4
6.6,4.4,5.5
combination: 32
4.4,6.6,8.8
Permutation:
4.4,6.6,8.8
6.6,8.8,4.4
8.8,4.4,6.6
combination: 33
4.4,6.6,7.7
Permutation:
4.4,6.6,7.7
6.6,7.7,4.4
7.7,4.4,6.6
combination: 34
4.4,6.6,9.9
Permutation:
4.4,6.6,9.9
6.6,9.9,4.4
9.9,4.4,6.6
combination: 35
11.11,4.4,6.6
Permutation:
11.11,4.4,6.6
4.4,6.6,11.11
6.6,11.11,4.4
combination: 36
4.4,5.5,8.8
Permutation:
4.4,5.5,8.8
5.5,8.8,4.4
8.8,4.4,5.5
combination: 37
4.4,5.5,7.7
Permutation:
4.4,5.5,7.7
5.5,7.7,4.4
7.7,4.4,5.5
combination: 38
4.4,5.5,9.9
Permutation:
4.4,5.5,9.9
5.5,9.9,4.4
9.9,4.4,5.5
combination: 39
11.11,4.4,5.5
Permutation:
11.11,4.4,5.5
4.4,5.5,11.11
5.5,11.11,4.4
combination: 40
4.4,7.7,8.8
Permutation:
4.4,7.7,8.8
7.7,8.8,4.4
8.8,4.4,7.7
combination: 41
4.4,8.8,9.9
Permutation:
4.4,8.8,9.9
8.8,9.9,4.4
9.9,4.4,8.8
combination: 42
11.11,4.4,8.8
Permutation:
11.11,4.4,8.8
4.4,8.8,11.11
8.8,11.11,4.4
combination: 43
4.4,7.7,9.9
Permutation:
4.4,7.7,9.9
7.7,9.9,4.4
9.9,4.4,7.7
combination: 44
11.11,4.4,7.7
Permutation:
11.11,4.4,7.7
4.4,7.7,11.11
7.7,11.11,4.4
combination: 45
11.11,4.4,9.9
Permutation:
11.11,4.4,9.9
4.4,9.9,11.11
9.9,11.11,4.4
combination: 46
1.1,2.2,3.3
Permutation:
1.1,2.2,3.3
2.2,3.3,1.1
3.3,1.1,2.2
combination: 47
1.1,10.10,3.3
Permutation:
1.1,10.10,3.3
10.10,3.3,1.1
3.3,1.1,10.10
combination: 48
1.1,3.3,6.6
Permutation:
1.1,3.3,6.6
3.3,6.6,1.1
6.6,1.1,3.3
combination: 49
1.1,3.3,5.5
Permutation:
1.1,3.3,5.5
3.3,5.5,1.1
5.5,1.1,3.3
combination: 50
1.1,3.3,8.8
Permutation:
1.1,3.3,8.8
3.3,8.8,1.1
8.8,1.1,3.3
combination: 51
1.1,3.3,7.7
Permutation:
1.1,3.3,7.7
3.3,7.7,1.1
7.7,1.1,3.3
combination: 52
1.1,3.3,9.9
Permutation:
1.1,3.3,9.9
3.3,9.9,1.1
9.9,1.1,3.3
combination: 53
1.1,11.11,3.3
Permutation:
1.1,11.11,3.3
11.11,3.3,1.1
3.3,1.1,11.11
combination: 54
10.10,2.2,3.3
Permutation:
10.10,2.2,3.3
2.2,3.3,10.10
3.3,10.10,2.2
combination: 55
2.2,3.3,6.6
Permutation:
2.2,3.3,6.6
3.3,6.6,2.2
6.6,2.2,3.3
combination: 56
2.2,3.3,5.5
Permutation:
2.2,3.3,5.5
3.3,5.5,2.2
5.5,2.2,3.3
combination: 57
2.2,3.3,8.8
Permutation:
2.2,3.3,8.8
3.3,8.8,2.2
8.8,2.2,3.3
combination: 58
2.2,3.3,7.7
Permutation:
2.2,3.3,7.7
3.3,7.7,2.2
7.7,2.2,3.3
combination: 59
2.2,3.3,9.9
Permutation:
2.2,3.3,9.9
3.3,9.9,2.2
9.9,2.2,3.3
combination: 60
11.11,2.2,3.3
Permutation:
11.11,2.2,3.3
2.2,3.3,11.11
3.3,11.11,2.2
combination: 61
10.10,3.3,6.6
Permutation:
10.10,3.3,6.6
3.3,6.6,10.10
6.6,10.10,3.3
combination: 62
10.10,3.3,5.5
Permutation:
10.10,3.3,5.5
3.3,5.5,10.10
5.5,10.10,3.3
combination: 63
10.10,3.3,8.8
Permutation:
10.10,3.3,8.8
3.3,8.8,10.10
8.8,10.10,3.3
combination: 64
10.10,3.3,7.7
Permutation:
10.10,3.3,7.7
3.3,7.7,10.10
7.7,10.10,3.3
combination: 65
10.10,3.3,9.9
Permutation:
10.10,3.3,9.9
3.3,9.9,10.10
9.9,10.10,3.3
combination: 66
10.10,11.11,3.3
Permutation:
10.10,11.11,3.3
11.11,3.3,10.10
3.3,10.10,11.11
combination: 67
3.3,5.5,6.6
Permutation:
3.3,5.5,6.6
5.5,6.6,3.3
6.6,3.3,5.5
combination: 68
3.3,6.6,8.8
Permutation:
3.3,6.6,8.8
6.6,8.8,3.3
8.8,3.3,6.6
combination: 69
3.3,6.6,7.7
Permutation:
3.3,6.6,7.7
6.6,7.7,3.3
7.7,3.3,6.6
combination: 70
3.3,6.6,9.9
Permutation:
3.3,6.6,9.9
6.6,9.9,3.3
9.9,3.3,6.6
combination: 71
11.11,3.3,6.6
Permutation:
11.11,3.3,6.6
3.3,6.6,11.11
6.6,11.11,3.3
combination: 72
3.3,5.5,8.8
Permutation:
3.3,5.5,8.8
5.5,8.8,3.3
8.8,3.3,5.5
combination: 73
3.3,5.5,7.7
Permutation:
3.3,5.5,7.7
5.5,7.7,3.3
7.7,3.3,5.5
combination: 74
3.3,5.5,9.9
Permutation:
3.3,5.5,9.9
5.5,9.9,3.3
9.9,3.3,5.5
combination: 75
11.11,3.3,5.5
Permutation:
11.11,3.3,5.5
3.3,5.5,11.11
5.5,11.11,3.3
combination: 76
3.3,7.7,8.8
Permutation:
3.3,7.7,8.8
7.7,8.8,3.3
8.8,3.3,7.7
combination: 77
3.3,8.8,9.9
Permutation:
3.3,8.8,9.9
8.8,9.9,3.3
9.9,3.3,8.8
combination: 78
11.11,3.3,8.8
Permutation:
11.11,3.3,8.8
3.3,8.8,11.11
8.8,11.11,3.3
combination: 79
3.3,7.7,9.9
Permutation:
3.3,7.7,9.9
7.7,9.9,3.3
9.9,3.3,7.7
combination: 80
11.11,3.3,7.7
Permutation:
11.11,3.3,7.7
3.3,7.7,11.11
7.7,11.11,3.3
combination: 81
11.11,3.3,9.9
Permutation:
11.11,3.3,9.9
3.3,9.9,11.11
9.9,11.11,3.3
combination: 82
1.1,10.10,2.2
Permutation:
1.1,10.10,2.2
10.10,2.2,1.1
2.2,1.1,10.10
combination: 83
1.1,2.2,6.6
Permutation:
1.1,2.2,6.6
2.2,6.6,1.1
6.6,1.1,2.2
combination: 84
1.1,2.2,5.5
Permutation:
1.1,2.2,5.5
2.2,5.5,1.1
5.5,1.1,2.2
combination: 85
1.1,2.2,8.8
Permutation:
1.1,2.2,8.8
2.2,8.8,1.1
8.8,1.1,2.2
combination: 86
1.1,2.2,7.7
Permutation:
1.1,2.2,7.7
2.2,7.7,1.1
7.7,1.1,2.2
combination: 87
1.1,2.2,9.9
Permutation:
1.1,2.2,9.9
2.2,9.9,1.1
9.9,1.1,2.2
combination: 88
1.1,11.11,2.2
Permutation:
1.1,11.11,2.2
11.11,2.2,1.1
2.2,1.1,11.11
combination: 89
1.1,10.10,6.6
Permutation:
1.1,10.10,6.6
10.10,6.6,1.1
6.6,1.1,10.10
combination: 90
1.1,10.10,5.5
Permutation:
1.1,10.10,5.5
10.10,5.5,1.1
5.5,1.1,10.10
combination: 91
1.1,10.10,8.8
Permutation:
1.1,10.10,8.8
10.10,8.8,1.1
8.8,1.1,10.10
combination: 92
1.1,10.10,7.7
Permutation:
1.1,10.10,7.7
10.10,7.7,1.1
7.7,1.1,10.10
combination: 93
1.1,10.10,9.9
Permutation:
1.1,10.10,9.9
10.10,9.9,1.1
9.9,1.1,10.10
combination: 94
1.1,10.10,11.11
Permutation:
1.1,10.10,11.11
10.10,11.11,1.1
11.11,1.1,10.10
combination: 95
1.1,5.5,6.6
Permutation:
1.1,5.5,6.6
5.5,6.6,1.1
6.6,1.1,5.5
combination: 96
1.1,6.6,8.8
Permutation:
1.1,6.6,8.8
6.6,8.8,1.1
8.8,1.1,6.6
combination: 97
1.1,6.6,7.7
Permutation:
1.1,6.6,7.7
6.6,7.7,1.1
7.7,1.1,6.6
combination: 98
1.1,6.6,9.9
Permutation:
1.1,6.6,9.9
6.6,9.9,1.1
9.9,1.1,6.6
combination: 99
1.1,11.11,6.6
Permutation:
1.1,11.11,6.6
11.11,6.6,1.1
6.6,1.1,11.11
combination: 100
1.1,5.5,8.8
Permutation:
1.1,5.5,8.8
5.5,8.8,1.1
8.8,1.1,5.5
combination: 101
1.1,5.5,7.7
Permutation:
1.1,5.5,7.7
5.5,7.7,1.1
7.7,1.1,5.5
combination: 102
1.1,5.5,9.9
Permutation:
1.1,5.5,9.9
5.5,9.9,1.1
9.9,1.1,5.5
combination: 103
1.1,11.11,5.5
Permutation:
1.1,11.11,5.5
11.11,5.5,1.1
5.5,1.1,11.11
combination: 104
1.1,7.7,8.8
Permutation:
1.1,7.7,8.8
7.7,8.8,1.1
8.8,1.1,7.7
combination: 105
1.1,8.8,9.9
Permutation:
1.1,8.8,9.9
8.8,9.9,1.1
9.9,1.1,8.8
combination: 106
1.1,11.11,8.8
Permutation:
1.1,11.11,8.8
11.11,8.8,1.1
8.8,1.1,11.11
combination: 107
1.1,7.7,9.9
Permutation:
1.1,7.7,9.9
7.7,9.9,1.1
9.9,1.1,7.7
combination: 108
1.1,11.11,7.7
Permutation:
1.1,11.11,7.7
11.11,7.7,1.1
7.7,1.1,11.11
combination: 109
1.1,11.11,9.9
Permutation:
1.1,11.11,9.9
11.11,9.9,1.1
9.9,1.1,11.11
combination: 110
10.10,2.2,6.6
Permutation:
10.10,2.2,6.6
2.2,6.6,10.10
6.6,10.10,2.2
combination: 111
10.10,2.2,5.5
Permutation:
10.10,2.2,5.5
2.2,5.5,10.10
5.5,10.10,2.2
combination: 112
10.10,2.2,8.8
Permutation:
10.10,2.2,8.8
2.2,8.8,10.10
8.8,10.10,2.2
combination: 113
10.10,2.2,7.7
Permutation:
10.10,2.2,7.7
2.2,7.7,10.10
7.7,10.10,2.2
combination: 114
10.10,2.2,9.9
Permutation:
10.10,2.2,9.9
2.2,9.9,10.10
9.9,10.10,2.2
combination: 115
10.10,11.11,2.2
Permutation:
10.10,11.11,2.2
11.11,2.2,10.10
2.2,10.10,11.11
combination: 116
2.2,5.5,6.6
Permutation:
2.2,5.5,6.6
5.5,6.6,2.2
6.6,2.2,5.5
combination: 117
2.2,6.6,8.8
Permutation:
2.2,6.6,8.8
6.6,8.8,2.2
8.8,2.2,6.6
combination: 118
2.2,6.6,7.7
Permutation:
2.2,6.6,7.7
6.6,7.7,2.2
7.7,2.2,6.6
combination: 119
2.2,6.6,9.9
Permutation:
2.2,6.6,9.9
6.6,9.9,2.2
9.9,2.2,6.6
combination: 120
11.11,2.2,6.6
Permutation:
11.11,2.2,6.6
2.2,6.6,11.11
6.6,11.11,2.2
combination: 121
2.2,5.5,8.8
Permutation:
2.2,5.5,8.8
5.5,8.8,2.2
8.8,2.2,5.5
combination: 122
2.2,5.5,7.7
Permutation:
2.2,5.5,7.7
5.5,7.7,2.2
7.7,2.2,5.5
combination: 123
2.2,5.5,9.9
Permutation:
2.2,5.5,9.9
5.5,9.9,2.2
9.9,2.2,5.5
combination: 124
11.11,2.2,5.5
Permutation:
11.11,2.2,5.5
2.2,5.5,11.11
5.5,11.11,2.2
combination: 125
2.2,7.7,8.8
Permutation:
2.2,7.7,8.8
7.7,8.8,2.2
8.8,2.2,7.7
combination: 126
2.2,8.8,9.9
Permutation:
2.2,8.8,9.9
8.8,9.9,2.2
9.9,2.2,8.8
combination: 127
11.11,2.2,8.8
Permutation:
11.11,2.2,8.8
2.2,8.8,11.11
8.8,11.11,2.2
combination: 128
2.2,7.7,9.9
Permutation:
2.2,7.7,9.9
7.7,9.9,2.2
9.9,2.2,7.7
combination: 129
11.11,2.2,7.7
Permutation:
11.11,2.2,7.7
2.2,7.7,11.11
7.7,11.11,2.2
combination: 130
11.11,2.2,9.9
Permutation:
11.11,2.2,9.9
2.2,9.9,11.11
9.9,11.11,2.2
combination: 131
10.10,5.5,6.6
Permutation:
10.10,5.5,6.6
5.5,6.6,10.10
6.6,10.10,5.5
combination: 132
10.10,6.6,8.8
Permutation:
10.10,6.6,8.8
6.6,8.8,10.10
8.8,10.10,6.6
combination: 133
10.10,6.6,7.7
Permutation:
10.10,6.6,7.7
6.6,7.7,10.10
7.7,10.10,6.6
combination: 134
10.10,6.6,9.9
Permutation:
10.10,6.6,9.9
6.6,9.9,10.10
9.9,10.10,6.6
combination: 135
10.10,11.11,6.6
Permutation:
10.10,11.11,6.6
11.11,6.6,10.10
6.6,10.10,11.11
combination: 136
10.10,5.5,8.8
Permutation:
10.10,5.5,8.8
5.5,8.8,10.10
8.8,10.10,5.5
combination: 137
10.10,5.5,7.7
Permutation:
10.10,5.5,7.7
5.5,7.7,10.10
7.7,10.10,5.5
combination: 138
10.10,5.5,9.9
Permutation:
10.10,5.5,9.9
5.5,9.9,10.10
9.9,10.10,5.5
combination: 139
10.10,11.11,5.5
Permutation:
10.10,11.11,5.5
11.11,5.5,10.10
5.5,10.10,11.11
combination: 140
10.10,7.7,8.8
Permutation:
10.10,7.7,8.8
7.7,8.8,10.10
8.8,10.10,7.7
combination: 141
10.10,8.8,9.9
Permutation:
10.10,8.8,9.9
8.8,9.9,10.10
9.9,10.10,8.8
combination: 142
10.10,11.11,8.8
Permutation:
10.10,11.11,8.8
11.11,8.8,10.10
8.8,10.10,11.11
combination: 143
10.10,7.7,9.9
Permutation:
10.10,7.7,9.9
7.7,9.9,10.10
9.9,10.10,7.7
combination: 144
10.10,11.11,7.7
Permutation:
10.10,11.11,7.7
11.11,7.7,10.10
7.7,10.10,11.11
combination: 145
10.10,11.11,9.9
Permutation:
10.10,11.11,9.9
11.11,9.9,10.10
9.9,10.10,11.11
combination: 146
5.5,6.6,8.8
Permutation:
5.5,6.6,8.8
6.6,8.8,5.5
8.8,5.5,6.6
combination: 147
5.5,6.6,7.7
Permutation:
5.5,6.6,7.7
6.6,7.7,5.5
7.7,5.5,6.6
combination: 148
5.5,6.6,9.9
Permutation:
5.5,6.6,9.9
6.6,9.9,5.5
9.9,5.5,6.6
combination: 149
11.11,5.5,6.6
Permutation:
11.11,5.5,6.6
5.5,6.6,11.11
6.6,11.11,5.5
combination: 150
6.6,7.7,8.8
Permutation:
6.6,7.7,8.8
7.7,8.8,6.6
8.8,6.6,7.7
combination: 151
6.6,8.8,9.9
Permutation:
6.6,8.8,9.9
8.8,9.9,6.6
9.9,6.6,8.8
combination: 152
11.11,6.6,8.8
Permutation:
11.11,6.6,8.8
6.6,8.8,11.11
8.8,11.11,6.6
combination: 153
6.6,7.7,9.9
Permutation:
6.6,7.7,9.9
7.7,9.9,6.6
9.9,6.6,7.7
combination: 154
11.11,6.6,7.7
Permutation:
11.11,6.6,7.7
6.6,7.7,11.11
7.7,11.11,6.6
combination: 155
11.11,6.6,9.9
Permutation:
11.11,6.6,9.9
6.6,9.9,11.11
9.9,11.11,6.6
combination: 156
5.5,7.7,8.8
Permutation:
5.5,7.7,8.8
7.7,8.8,5.5
8.8,5.5,7.7
combination: 157
5.5,8.8,9.9
Permutation:
5.5,8.8,9.9
8.8,9.9,5.5
9.9,5.5,8.8
combination: 158
11.11,5.5,8.8
Permutation:
11.11,5.5,8.8
5.5,8.8,11.11
8.8,11.11,5.5
combination: 159
5.5,7.7,9.9
Permutation:
5.5,7.7,9.9
7.7,9.9,5.5
9.9,5.5,7.7
combination: 160
11.11,5.5,7.7
Permutation:
11.11,5.5,7.7
5.5,7.7,11.11
7.7,11.11,5.5
combination: 161
11.11,5.5,9.9
Permutation:
11.11,5.5,9.9
5.5,9.9,11.11
9.9,11.11,5.5
combination: 162
7.7,8.8,9.9
Permutation:
7.7,8.8,9.9
8.8,9.9,7.7
9.9,7.7,8.8
combination: 163
11.11,7.7,8.8
Permutation:
11.11,7.7,8.8
7.7,8.8,11.11
8.8,11.11,7.7
combination: 164
11.11,8.8,9.9
Permutation:
11.11,8.8,9.9
8.8,9.9,11.11
9.9,11.11,8.8
combination: 165
11.11,7.7,9.9
Permutation:
11.11,7.7,9.9
7.7,9.9,11.11
9.9,11.11,7.7
